error(train): 0.25333333333333335
error(test): 0.2511111111111111
