error(train): 0.23142857142857143
error(test): 0.23333333333333334
