error(train): 0.1838095238095238
error(test): 0.18888888888888888
